$(function(){Sacknet.MileageGraph.SetupMileageGraph(/Stats/UpdateMileageGraph/36, null, 6/7/2011, 2161.8
6/8/2011, 188.3, 6/8/2011, 2176.1
6/9/2011, 188.3, 6/9/2011, 2183.3
6/10/2011, 188.3, 6/10/2011, 2190.2
6/11/2011, 188.3, 6/11/2011, 2285.8
6/12/2011, 188.6, 6/12/2011, 2377.7
6/13/2011, 188.6, 6/13/2011, 2401.0
6/14/2011, 188.6, 6/14/2011, 2413.6
6/15/2011, 188.6, 6/15/2011, 2420.4
6/16/2011, 188.6, 6/16/2011, 2427.2
6/17/2011, 188.6, 6/17/2011, 2434.3
6/18/2011, 190.3, 6/18/2011, 2588.3
6/19/2011, 190.3, 6/19/2011, 2619.1
6/20/2011, 190.3, 6/20/2011, 2660.1
6/21/2011, 190.3, 6/21/2011, 2667.4
6/22/2011, 190.3, 6/22/2011, 2677.2
6/23/2011, 190.3, 6/23/2011, 2684.8
6/24/2011, 190.3, 6/24/2011, 2709.2
6/25/2011, 190.3, 6/25/2011, 2746.8
6/26/2011, 190.3, 6/26/2011, 2768.8
6/27/2011, 191.1, 6/27/2011, 2822.2
6/28/2011, 191.1, 6/28/2011, 2829.4
6/29/2011, 191.1, 6/29/2011, 2850.0
6/30/2011, 191.1, 6/30/2011, 2857.1
7/1/2011, 191.1, 7/1/2011, 2868.9
7/2/2011, 191.1, 7/2/2011, 2894.2
7/3/2011, 191.1, 7/3/2011, 2914.6
7/4/2011, 191.1, 7/4/2011, 2931.9
7/5/2011, 191.1, 7/5/2011, 2939.2
7/6/2011, 191.1, 7/6/2011, 2948.1
7/7/2011, 191.1, 7/7/2011, 2955.2
7/8/2011, 191.1, 7/8/2011, 2963.7
7/9/2011, 191.1, 7/9/2011, 3017.2
7/10/2011, 191.3, 7/10/2011, 3088.8
7/11/2011, 191.3, 7/11/2011, 3096.0
7/12/2011, 191.3, 7/12/2011, 3104.5
7/13/2011, 191.3, 7/13/2011, 3111.6
7/14/2011, 191.3, 7/14/2011, 3118.7
7/15/2011, 191.3, 7/15/2011, 3149.5
7/16/2011, 191.3, 7/16/2011, 3191.3
7/17/2011, 191.3, 7/17/2011, 3247.6
7/18/2011, 191.3, 7/18/2011, 3254.7
7/19/2011, 191.3, 7/19/2011, 3257.7
7/20/2011, 201.1, 7/20/2011, 3294.4
7/21/2011, 191.3, 7/21/2011, 3506.8
7/22/2011, 192.0, 7/22/2011, 3552.4
7/23/2011, 192.0, 7/23/2011, 3589.3
7/24/2011, 192.0, 7/24/2011, 3644.2
7/25/2011, 192.0, 7/25/2011, 3772.4
7/26/2011, 192.0, 7/26/2011, 3805.8
7/27/2011, 192.0, 7/27/2011, 3876.0
7/28/2011, 192.0, 7/28/2011, 3924.2
7/29/2011, 192.0, 7/29/2011, 4080.7
7/30/2011, 232.5, 7/30/2011, 4183.9
7/31/2011, 232.5, 7/31/2011, 4301.1
8/1/2011, 232.5, 8/1/2011, 4321.5
8/2/2011, 232.5, 8/2/2011, 4328.6
8/3/2011, 232.5, 8/3/2011, 4335.8
8/4/2011, 232.5, 8/4/2011, 4342.9
8/5/2011, 232.5, 8/5/2011, 4349.7
8/6/2011, 232.5, 8/6/2011, 4454.4
8/7/2011, 232.5, 8/7/2011, 4543.5
8/8/2011, 232.5, 8/8/2011, 4591.8
8/9/2011, 232.5, 8/9/2011, 4640.9
8/10/2011, 232.5, 8/10/2011, 4714.0
8/11/2011, 232.5, 8/11/2011, 4725.3
8/12/2011, 240.2, 8/12/2011, 4725.3
8/13/2011, 232.5, 8/13/2011, 4969.7
8/14/2011, 232.5, 8/14/2011, 5048.6
8/15/2011, 232.5, 8/15/2011, 5115.7
8/16/2011, 232.5, 8/16/2011, 5218.6
8/17/2011, 232.5, 8/17/2011, 5233.0
8/18/2011, 232.5, 8/18/2011, 5240.1
8/19/2011, 232.5, 8/19/2011, 5280.4
8/20/2011, 232.5, 8/20/2011, 5342.0
8/21/2011, 232.5, 8/21/2011, 5464.0
8/22/2011, 232.5, 8/22/2011, 5561.0
8/23/2011, 232.5, 8/23/2011, 5588.0
8/24/2011, 232.5, 8/24/2011, 5595.1
8/25/2011, 232.5, 8/25/2011, 5602.4
8/26/2011, 232.5, 8/26/2011, 5610.6
8/27/2011, 232.5, 8/27/2011, 5654.3
8/28/2011, 232.5, 8/28/2011, 5744.4
8/29/2011, 232.5, 8/29/2011, 5821.3
8/30/2011, 272.0, 8/30/2011, 5840.3
8/31/2011, 232.5, 8/31/2011, 5913.5
9/1/2011, 232.5, 9/1/2011, 5920.9
9/2/2011, 232.5, 9/2/2011, 5986.2
9/3/2011, 233.2, 9/3/2011, 6240.7
9/4/2011, 233.2, 9/4/2011, 6311.4
9/5/2011, 233.2, 9/5/2011, 6339.3
9/6/2011, 233.2, 9/6/2011, 6346.4
9/7/2011, 233.2, 9/7/2011, 6353.5
9/8/2011, 233.2, 9/8/2011, 6353.5
9/9/2011, 233.2, 9/9/2011, 6360.8
9/10/2011, 233.2, 9/10/2011, 6378.2
9/11/2011, 234.2, 9/11/2011, 6396.7
9/12/2011, 234.2, 9/12/2011, 6404.0
9/13/2011, 234.2, 9/13/2011, 6414.4
9/14/2011, 234.2, 9/14/2011, 6421.5
9/15/2011, 234.2, 9/15/2011, 6437.4
9/16/2011, 234.2, 9/16/2011, 6444.6
9/17/2011, 234.2, 9/17/2011, 6448.9
9/18/2011, 234.2, 9/18/2011, 6457.4
9/19/2011, 234.2, 9/19/2011, 6464.5
9/20/2011, 234.2, 9/20/2011, 6468.3
9/21/2011, 234.2, 9/21/2011, 6478.8
9/22/2011, 234.2, 9/22/2011, 6486.0
9/23/2011, 234.2, 9/23/2011, 6521.6
9/24/2011, 234.2, 9/24/2011, 6552.7
9/25/2011, 238.1, 9/25/2011, 6581.3
9/26/2011, 238.1, 9/26/2011, 6588.5
9/27/2011, 238.1, 9/27/2011, 6619.5
9/28/2011, 238.1, 9/28/2011, 6626.7
9/29/2011, 238.1, 9/29/2011, 6633.8
9/30/2011, 238.1, 9/30/2011, 6640.9
10/1/2011, 238.1, 10/1/2011, 6643.8
10/2/2011, 238.1, 10/2/2011, 6646.6
10/3/2011, 238.1, 10/3/2011, 6653.4
10/4/2011, 238.1, 10/4/2011, 6660.5
10/5/2011, 238.1, 10/5/2011, 6667.6
10/6/2011, 238.1, 10/6/2011, 6674.7
10/7/2011, 238.1, 10/7/2011, 6683.1
10/8/2011, 238.1, 10/8/2011, 6687.7
10/9/2011, 238.1, 10/9/2011, 6687.7
10/10/2011, 238.1, 10/10/2011, 6733.3
10/11/2011, 238.1, 10/11/2011, 6776.7
10/12/2011, 243.3, 10/12/2011, 6814.8
10/13/2011, 243.3, 10/13/2011, 6856.1
10/14/2011, 243.8, 10/14/2011, 6896.5
10/15/2011, 243.8, 10/15/2011, 6945.6
10/16/2011, 243.8, 10/16/2011, 6964.0
10/17/2011, 243.8, 10/17/2011, 7005.0
10/18/2011, 243.8, 10/18/2011, 7046.5
10/19/2011, 243.8, 10/19/2011, 7087.6
10/20/2011, 243.8, 10/20/2011, 7101.7
10/21/2011, 246.0, 10/21/2011, 7140.8
10/22/2011, 246.0, 10/22/2011, 7143.6
10/23/2011, 246.0, 10/23/2011, 7172.2
10/24/2011, 248.0, 10/24/2011, 7212.7
10/25/2011, 251.0, 10/25/2011, 7235.7
10/26/2011, 252.1, 10/26/2011, 7293.5
10/27/2011, 252.1, 10/27/2011, 7334.6
10/28/2011, 256.3, 10/28/2011, 7372.2
10/29/2011, 256.3, 10/29/2011, 7379.4
10/30/2011, 256.3, 10/30/2011, 7398.8
10/31/2011, 256.3, 10/31/2011, 7401.6
11/1/2011, 256.3, 11/1/2011, 7408.7
11/2/2011, 256.3, 11/2/2011, 7415.8
11/3/2011, 256.3, 11/3/2011, 7453.0
11/4/2011, 256.3, 11/4/2011, 7460.2
11/5/2011, 256.3, 11/5/2011, 7480.3
11/6/2011, 256.3, 11/6/2011, 7480.3
11/7/2011, 256.3, 11/7/2011, 7487.4
11/8/2011, 256.3, 11/8/2011, 7495.0
11/9/2011, 256.3, 11/9/2011, 7502.1
11/10/2011, 256.3, 11/10/2011, 7509.2
11/11/2011, 256.3, 11/11/2011, 7551.8
11/12/2011, 257.1, 11/12/2011, 7595.3
11/13/2011, 257.1, 11/13/2011, 7620.0
11/14/2011, 257.1, 11/14/2011, 7627.5
11/15/2011, 257.1, 11/15/2011, 7636.8
11/16/2011, 257.1, 11/16/2011, 7644.0
11/17/2011, 257.1, 11/17/2011, 7651.1
11/18/2011, 258.1, 11/18/2011, 7654.8
11/19/2011, 261.3, 11/19/2011, 7696.5
11/20/2011, 274.7, 11/20/2011, 7735.0
11/21/2011, 274.7, 11/21/2011, 7737.8
11/22/2011, 274.7, 11/22/2011, 7737.8
11/23/2011, 274.7, 11/23/2011, 7737.8
11/24/2011, 274.7, 11/24/2011, 7737.8
11/25/2011, 274.7, 11/25/2011, 7738.7
11/26/2011, 277.0, 11/26/2011, 7783.0
11/27/2011, 277.0, 11/27/2011, 7805.9
11/28/2011, 277.0, 11/28/2011, 7821.7
11/29/2011, 277.0, 11/29/2011, 7828.4
11/30/2011, 277.0, 11/30/2011, 7836.8
12/1/2011, 277.0, 12/1/2011, 7843.9
12/2/2011, 277.0, 12/2/2011, 7851.1
12/3/2011, 277.0, 12/3/2011, 7877.1
12/4/2011, 277.0, 12/4/2011, 7900.8
12/5/2011, 277.0, 12/5/2011, 7919.7
12/6/2011, 277.0, 12/6/2011, 7923.7
12/7/2011, 277.0, 12/7/2011, 7934.0
12/8/2011, 277.0, 12/8/2011, 7941.3
12/9/2011, 277.0, 12/9/2011, 7957.9
12/10/2011, 277.0, 12/10/2011, 7985.2
12/11/2011, 278.7, 12/11/2011, 8003.6
12/12/2011, 278.7, 12/12/2011, 8010.5
12/13/2011, 288.0, 12/13/2011, 8036.7
12/14/2011, 295.2, 12/14/2011, 8036.7
12/15/2011, 295.2, 12/15/2011, 8044.0
12/16/2011, 295.2, 12/16/2011, 8053.3
12/17/2011, 295.2, 12/17/2011, 8057.6
12/18/2011, 315.3, 12/18/2011, 8080.9
12/19/2011, 315.3, 12/19/2011, 8087.8
12/20/2011, 315.3, 12/20/2011, 8094.9
12/21/2011, 315.3, 12/21/2011, 8102.1
12/22/2011, 315.3, 12/22/2011, 8114.9
12/23/2011, 315.3, 12/23/2011, 8122.5
12/24/2011, 315.3, 12/24/2011, 8160.3
12/25/2011, 334.2, 12/25/2011, 8190.2
12/26/2011, 345.0, 12/26/2011, 8236.6
12/27/2011, 345.0, 12/27/2011, 8245.4
12/28/2011, 345.0, 12/28/2011, 8252.3
12/29/2011, 345.0, 12/29/2011, 8262.8
12/30/2011, 345.0, 12/30/2011, 8275.3
12/31/2011, 345.0, 12/31/2011, 8292.4
1/1/2012, 345.0, 1/1/2012, 8319.3
1/2/2012, 345.0, 1/2/2012, 8338.9
1/3/2012, 346.0, 1/3/2012, 8345.1
1/4/2012, 347.2, 1/4/2012, 8351.0
1/5/2012, 347.2, 1/5/2012, 8358.1
1/6/2012, 347.2, 1/6/2012, 8361.9
1/7/2012, 347.3, 1/7/2012, 8366.5
1/8/2012, 347.2, 1/8/2012, 8401.1
1/9/2012, 347.2, 1/9/2012, 8408.4
1/10/2012, 347.2, 1/10/2012, 8418.3
1/11/2012, 347.2, 1/11/2012, 8421.1
1/12/2012, 347.2, 1/12/2012, 8428.2
1/13/2012, 347.2, 1/13/2012, 8435.1
1/14/2012, 359.5, 1/14/2012, 8465.6
1/15/2012, 360.6, 1/15/2012, 8489.1
1/16/2012, 409.9, 1/16/2012, 8510.6
1/17/2012, 409.9, 1/17/2012, 8517.9
1/18/2012, 409.9, 1/18/2012, 8525.0
1/19/2012, 411.1, 1/19/2012, 8531.0
1/20/2012, 411.1, 1/20/2012, 8538.8
1/21/2012, 411.1, 1/21/2012, 8543.6
1/22/2012, 412.7, 1/22/2012, 8562.2
1/23/2012, 412.7, 1/23/2012, 8583.9
1/24/2012, 422.6, 1/24/2012, 8593.4
1/25/2012, 422.6, 1/25/2012, 8613.6
1/26/2012, 422.6, 1/26/2012, 8620.8
1/27/2012, 422.6, 1/27/2012, 8627.9
1/28/2012, 422.6, 1/28/2012, 8651.8
1/29/2012, 422.6, 1/29/2012, 8675.8
1/30/2012, 422.6, 1/30/2012, 8682.9
1/31/2012, 422.6, 1/31/2012, 8690.1
2/1/2012, 422.6, 2/1/2012, 8697.2
2/2/2012, 422.6, 2/2/2012, 8701.0
2/3/2012, 422.6, 2/3/2012, 8708.1
2/4/2012, 422.6, 2/4/2012, 8759.7
2/5/2012, 422.6, 2/5/2012, 8791.4
2/6/2012, 422.6, 2/6/2012, 8798.5
2/7/2012, 422.6, 2/7/2012, 8805.3
2/8/2012, 422.6, 2/8/2012, 8813.0
2/9/2012, 422.6, 2/9/2012, 8820.1
2/10/2012, 422.6, 2/10/2012, 8827.3
2/11/2012, 422.6, 2/11/2012, 8830.6
2/12/2012, 422.6, 2/12/2012, 8850.2
2/13/2012, 422.6, 2/13/2012, 8857.3
2/14/2012, 422.6, 2/14/2012, 8861.1
2/15/2012, 422.6, 2/15/2012, 8872.4
2/16/2012, 422.6, 2/16/2012, 8879.5
2/17/2012, 422.6, 2/17/2012, 8886.8
2/18/2012, 422.6, 2/18/2012, 8904.7
2/19/2012, 422.6, 2/19/2012, 8922.4
2/20/2012, 422.6, 2/20/2012, 8939.6
2/21/2012, 422.6, 2/21/2012, 8954.9
2/22/2012, 422.6, 2/22/2012, 8962.1
2/23/2012, 422.6, 2/23/2012, 8969.2
2/24/2012, 422.6, 2/24/2012, 8976.1
2/25/2012, 429.7, 2/25/2012, 9010.9
2/26/2012, 429.7, 2/26/2012, 9013.7
2/27/2012, 429.7, 2/27/2012, 9013.7
2/28/2012, 429.7, 2/28/2012, 9016.5
2/29/2012, 429.7, 2/29/2012, 9020.8
3/1/2012, 429.7, 3/1/2012, 9027.9
3/2/2012, 429.7, 3/2/2012, 9034.8
3/3/2012, 429.7, 3/3/2012, 9073.9
3/4/2012, 429.7, 3/4/2012, 9104.4
3/5/2012, 429.7, 3/5/2012, 9111.6
3/6/2012, 429.7, 3/6/2012, 9118.7
3/7/2012, 429.7, 3/7/2012, 9139.4
3/8/2012, 429.7, 3/8/2012, 9146.5
3/9/2012, 429.7, 3/9/2012, 9153.7
3/10/2012, 429.7, 3/10/2012, 9156.6
3/11/2012, 429.7, 3/11/2012, 9188.1
3/12/2012, 429.7, 3/12/2012, 9196.4
3/13/2012, 429.7, 3/13/2012, 9204.2
3/14/2012, 429.7, 3/14/2012, 9211.3
3/15/2012, 429.7, 3/15/2012, 9218.1
3/16/2012, 429.7, 3/16/2012, 9228.3
3/17/2012, 429.7, 3/17/2012, 9238.8
3/18/2012, 429.7, 3/18/2012, 9269.8
3/19/2012, 429.7, 3/19/2012, 9276.9
3/20/2012, 429.7, 3/20/2012, 9284.2
3/21/2012, 429.7, 3/21/2012, 9291.3
3/22/2012, 429.7, 3/22/2012, 9343.6
3/23/2012, 429.7, 3/23/2012, 9350.8
3/24/2012, 429.7, 3/24/2012, 9373.3
3/25/2012, 429.7, 3/25/2012, 9396.6
3/26/2012, 429.7, 3/26/2012, 9403.5
3/27/2012, 429.7, 3/27/2012, 9410.5
3/28/2012, 429.7, 3/28/2012, 9432.2
3/29/2012, 429.7, 3/29/2012, 9440.0
3/30/2012, 429.7, 3/30/2012, 9458.8
3/31/2012, 429.7, 3/31/2012, 9470.5
4/1/2012, 432.5, 4/1/2012, 9513.6
4/2/2012, 432.5, 4/2/2012, 9520.8
4/3/2012, 432.5, 4/3/2012, 9528.1
4/4/2012, 432.5, 4/4/2012, 9535.4
4/5/2012, 432.5, 4/5/2012, 9542.2
4/6/2012, 432.5, 4/6/2012, 9549.2
4/7/2012, 433.6, 4/7/2012, 9569.0
4/8/2012, 433.6, 4/8/2012, 9586.6
4/9/2012, 433.6, 4/9/2012, 9593.8
4/10/2012, 433.6, 4/10/2012, 9598.9
4/11/2012, 433.6, 4/11/2012, 9609.4
4/12/2012, 433.7, 4/12/2012, 9616.5
4/13/2012, 433.7, 4/13/2012, 9623.3
4/14/2012, 437.6, 4/14/2012, 9677.6
4/15/2012, 437.6, 4/15/2012, 9699.5
4/16/2012, 437.6, 4/16/2012, 9706.4
4/17/2012, 437.6, 4/17/2012, 9713.2
4/18/2012, 437.5, 4/18/2012, 9720.0
4/19/2012, 437.6, 4/19/2012, 9727.4
4/20/2012, 437.6, 4/20/2012, 9734.2
4/21/2012, 437.6, 4/21/2012, 9770.7
4/22/2012, 437.6, 4/22/2012, 9799.8
4/23/2012, 437.6, 4/23/2012, 9807.0
4/24/2012, 437.6, 4/24/2012, 9814.1
4/25/2012, 437.6, 4/25/2012, 9834.6
4/26/2012, 437.6, 4/26/2012, 9842.6
4/27/2012, 437.6, 4/27/2012, 9849.5
4/28/2012, 437.6, 4/28/2012, 9866.7
4/29/2012, 437.6, 4/29/2012, 9891.9
4/30/2012, 437.6, 4/30/2012, 9902.0
5/1/2012, 437.6, 5/1/2012, 9909.1
5/2/2012, 437.6, 5/2/2012, 9916.2
5/3/2012, 437.6, 5/3/2012, 9947.6
5/4/2012, 437.6, 5/4/2012, 9953.9
5/5/2012, 437.6, 5/5/2012, 9999.4
5/6/2012, 437.6, 5/6/2012, 10020.0
5/7/2012, 437.6, 5/7/2012, 10027.9
5/8/2012, 437.6, 5/8/2012, 10037.9
5/9/2012, 437.6, 5/9/2012, 10045.0
5/10/2012, 437.6, 5/10/2012, 10052.3
5/11/2012, 437.6, 5/11/2012, 10059.7
5/12/2012, 437.6, 5/12/2012, 10059.7
5/13/2012, 437.6, 5/13/2012, 10068.2
5/14/2012, 437.6, 5/14/2012, 10075.6
5/15/2012, 437.6, 5/15/2012, 10082.9
5/16/2012, 437.6, 5/16/2012, 10090.0
5/17/2012, 437.6, 5/17/2012, 10097.1
5/18/2012, 437.6, 5/18/2012, 10103.9
5/19/2012, 438.5, 5/19/2012, 10147.2
5/20/2012, 438.5, 5/20/2012, 10169.9
5/21/2012, 438.5, 5/21/2012, 10178.1
5/22/2012, 438.5, 5/22/2012, 10185.2
5/23/2012, 438.5, 5/23/2012, 10204.0
5/24/2012, 438.5, 5/24/2012, 10211.2
5/25/2012, 438.5, 5/25/2012, 10214.7
5/26/2012, 438.5, 5/26/2012, 10223.6
5/27/2012, 439.4, 5/27/2012, 10266.5
5/28/2012, 439.4, 5/28/2012, 10288.0
5/29/2012, 439.4, 5/29/2012, 10294.7
5/30/2012, 439.4, 5/30/2012, 10317.5
5/31/2012, 439.4, 5/31/2012, 10324.6
6/1/2012, 439.4, 6/1/2012, 10332.0
6/2/2012, 439.4, 6/2/2012, 10365.6
6/3/2012, 439.4, 6/3/2012, 10423.4
6/4/2012, 439.4, 6/4/2012, 10430.5
6/5/2012, 439.4, 6/5/2012, 10444.7
6/6/2012, 439.4, 6/6/2012, 10447.6
6/7/2012, 439.4, 6/7/2012, 10454.7
6/8/2012, 439.4, 6/8/2012, 10461.8
6/9/2012, 439.4, 6/9/2012, 10477.5
6/10/2012, 439.4, 6/10/2012, 10499.2
6/11/2012, 439.4, 6/11/2012, 10506.3
6/12/2012, 439.4, 6/12/2012, 10514.1
6/13/2012, 439.4, 6/13/2012, 10518.7
6/14/2012, 439.4, 6/14/2012, 10518.7
6/15/2012, 439.4, 6/15/2012, 10518.7
6/16/2012, 439.4, 6/16/2012, 10518.7
6/17/2012, 439.4, 6/17/2012, 10518.7
6/22/2012, 439.4, 6/22/2012, 10528.7
6/23/2012, 439.4, 6/23/2012, 10551.5
6/24/2012, 439.4, 6/24/2012, 10572.1
6/25/2012, 439.4, 6/25/2012, 10579.2
6/26/2012, 439.4, 6/26/2012, 10586.3
6/27/2012, 439.4, 6/27/2012, 10595.4
6/28/2012, 439.4, 6/28/2012, 10602.5
6/29/2012, 439.4, 6/29/2012, 10617.8
6/30/2012, 454.9, 6/30/2012, 10654.0
7/1/2012, 476.2, 7/1/2012, 10664.4
7/2/2012, 476.2, 7/2/2012, 10672.1
7/3/2012, 476.2, 7/3/2012, 10682.4
7/4/2012, 476.2, 7/4/2012, 10693.7
7/5/2012, 476.2, 7/5/2012, 10700.7
7/6/2012, 476.2, 7/6/2012, 10707.5
7/7/2012, 476.2, 7/7/2012, 10728.7
7/8/2012, 476.2, 7/8/2012, 10751.7
7/9/2012, 476.2, 7/9/2012, 10758.9
7/10/2012, 476.2, 7/10/2012, 10766.3
7/11/2012, 476.2, 7/11/2012, 10773.6
7/12/2012, 476.2, 7/12/2012, 10778.6
7/13/2012, 476.2, 7/13/2012, 10781.3
7/14/2012, 476.2, 7/14/2012, 10784.1
7/15/2012, 476.2, 7/15/2012, 10796.0
7/16/2012, 476.2, 7/16/2012, 10803.2
7/17/2012, 476.2, 7/17/2012, 10811.4
7/18/2012, 476.2, 7/18/2012, 10818.6
7/19/2012, 476.2, 7/19/2012, 10825.4
7/20/2012, 476.4, 7/20/2012, 10871.6
7/21/2012, 476.4, 7/21/2012, 10879.7
7/22/2012, 476.4, 7/22/2012, 10879.7
7/23/2012, 476.4, 7/23/2012, 10886.9
7/24/2012, 476.4, 7/24/2012, 10894.1
7/25/2012, 476.4, 7/25/2012, 10902.9
7/26/2012, 476.4, 7/26/2012, 10910.0
7/27/2012, 476.4, 7/27/2012, 10917.4
7/28/2012, 476.4, 7/28/2012, 10917.4
7/29/2012, 476.4, 7/29/2012, 10917.4
7/30/2012, 476.4, 7/30/2012, 10925.6
7/31/2012, 476.4, 7/31/2012, 10941.4
8/1/2012, 476.4, 8/1/2012, 10948.6
8/2/2012, 476.4, 8/2/2012, 10955.4
8/3/2012, 476.4, 8/3/2012, 10963.3
8/4/2012, 476.4, 8/4/2012, 10966.0
8/5/2012, 476.4, 8/5/2012, 10974.8
8/6/2012, 476.4, 8/6/2012, 10982.0
8/7/2012, 476.4, 8/7/2012, 10989.5
8/8/2012, 476.4, 8/8/2012, 10996.3
8/9/2012, 476.4, 8/9/2012, 11005.9
8/10/2012, 476.4, 8/10/2012, 11013.0
8/11/2012, 476.4, 8/11/2012, 11024.0
8/12/2012, 476.4, 8/12/2012, 11043.7
8/13/2012, 476.4, 8/13/2012, 11052.2
8/14/2012, 476.4, 8/14/2012, 11059.3
8/15/2012, 476.4, 8/15/2012, 11067.8
8/16/2012, 476.4, 8/16/2012, 11074.6
8/17/2012, 476.4, 8/17/2012, 11081.6
8/18/2012, 476.4, 8/18/2012, 11093.3
8/19/2012, 476.4, 8/19/2012, 11117.0
8/20/2012, 476.4, 8/20/2012, 11120.8
8/21/2012, 476.4, 8/21/2012, 11131.1
8/22/2012, 476.4, 8/22/2012, 11139.7
8/23/2012, 476.4, 8/23/2012, 11147.1
8/24/2012, 476.4, 8/24/2012, 11153.9
8/25/2012, 476.4, 8/25/2012, 11166.8
8/26/2012, 476.4, 8/26/2012, 11186.9
8/27/2012, 478.1, 8/27/2012, 11417.0
8/28/2012, 490.3, 8/28/2012, 11527.3
8/29/2012, 490.3, 8/29/2012, 11552.3
8/30/2012, 490.3, 8/30/2012, 11555.1
8/31/2012, 490.3, 8/31/2012, 11570.0
9/1/2012, 490.3, 9/1/2012, 11588.1
9/2/2012, 490.3, 9/2/2012, 11606.2
9/3/2012, 490.3, 9/3/2012, 11612.4
9/4/2012, 490.3, 9/4/2012, 11619.6
9/5/2012, 490.3, 9/5/2012, 11628.4
9/6/2012, 490.3, 9/6/2012, 11637.9
9/7/2012, 490.3, 9/7/2012, 11654.7
9/8/2012, 490.3, 9/8/2012, 11688.4
9/9/2012, 490.3, 9/9/2012, 11731.3
9/10/2012, 490.3, 9/10/2012, 11739.4
9/11/2012, 490.3, 9/11/2012, 11746.2
9/12/2012, 490.3, 9/12/2012, 11753.2
9/13/2012, 490.3, 9/13/2012, 11767.2
9/14/2012, 490.3, 9/14/2012, 11768.1
9/15/2012, 490.3, 9/15/2012, 11773.3
9/16/2012, 490.3, 9/16/2012, 11811.8
9/17/2012, 490.3, 9/17/2012, 11818.9
9/18/2012, 490.3, 9/18/2012, 11826.1
9/19/2012, 490.3, 9/19/2012, 11860.6
9/20/2012, 490.3, 9/20/2012, 11867.4
9/21/2012, 490.3, 9/21/2012, 11874.3
9/22/2012, 490.3, 9/22/2012, 11919.0
9/23/2012, 490.3, 9/23/2012, 11941.9
9/24/2012, 490.3, 9/24/2012, 11951.2
9/25/2012, 490.3, 9/25/2012, 11958.1
9/26/2012, 490.3, 9/26/2012, 11965.2
9/27/2012, 490.3, 9/27/2012, 11971.9
9/28/2012, 490.3, 9/28/2012, 11987.2
9/29/2012, 490.3, 9/29/2012, 11991.1
9/30/2012, 490.3, 9/30/2012, 12016.5
10/1/2012, 490.3, 10/1/2012, 12023.3
10/2/2012, 490.3, 10/2/2012, 12030.5
10/3/2012, 490.3, 10/3/2012, 12038.5
10/4/2012, 496.3, 10/4/2012, 12084.3
10/5/2012, 500.2, 10/5/2012, 12125.2
10/6/2012, 515.4, 10/6/2012, 12201.5
10/7/2012, 515.4, 10/7/2012, 12206.1
10/8/2012, 515.4, 10/8/2012, 12222.6
10/9/2012, 515.4, 10/9/2012, 12229.8
10/10/2012, 515.4, 10/10/2012, 12236.6
10/11/2012, 515.4, 10/11/2012, 12243.4
10/12/2012, 515.4, 10/12/2012, 12250.2
11/29/2012, 612.6, 11/29/2012, 13041.8
11/30/2012, 612.6, 11/30/2012, 13049.4
12/1/2012, 612.6, 12/1/2012, 13067.9
12/2/2012, 612.6, 12/2/2012, 13074.7
12/3/2012, 612.6, 12/3/2012, 13082.4
12/4/2012, 612.6, 12/4/2012, 13089.2
12/5/2012, 612.6, 12/5/2012, 13104.7
12/6/2012, 612.6, 12/6/2012, 13112.8
12/7/2012, 612.6, 12/7/2012, 13119.5
12/8/2012, 612.6, 12/8/2012, 13122.3
12/9/2012, 612.8, 12/9/2012, 13158.5
12/10/2012, 612.8, 12/10/2012, 13162.0
12/11/2012, 612.8, 12/11/2012, 13182.4
12/12/2012, 612.8, 12/12/2012, 13190.2
12/13/2012, 612.8, 12/13/2012, 13203.7
12/14/2012, 612.8, 12/14/2012, 13237.9
12/15/2012, 612.8, 12/15/2012, 13274.7
12/16/2012, 616.0, 12/16/2012, 13309.2
12/17/2012, 616.0, 12/17/2012, 13312.9
12/18/2012, 616.0, 12/18/2012, 13322.9
12/19/2012, 616.0, 12/19/2012, 13331.4
12/20/2012, 616.0, 12/20/2012, 13338.2
12/21/2012, 616.0, 12/21/2012, 13342.0
12/22/2012, 636.6, 12/22/2012, 13374.3
12/23/2012, 636.6, 12/23/2012, 13398.7
12/24/2012, 636.6, 12/24/2012, 13399.9
12/25/2012, 683.2, 12/25/2012, 13440.5
12/26/2012, 683.2, 12/26/2012, 13451.6
12/27/2012, 683.2, 12/27/2012, 13458.4
12/28/2012, 683.2, 12/28/2012, 13467.1
12/29/2012, 683.2, 12/29/2012, 13468.2
12/30/2012, 692.0, 12/30/2012, 13529.1
12/31/2012, 692.0, 12/31/2012, 13540.9
1/1/2013, 692.0, 1/1/2013, 13545.3
1/2/2013, 692.0, 1/2/2013, 13561.2
1/3/2013, 692.0, 1/3/2013, 13565.8
1/4/2013, 692.0, 1/4/2013, 13569.4
1/5/2013, 692.0, 1/5/2013, 13577.3
1/6/2013, 697.9, 1/6/2013, 13609.7
1/7/2013, 697.9, 1/7/2013, 13616.4
1/8/2013, 697.9, 1/8/2013, 13623.9
1/9/2013, 697.9, 1/9/2013, 13631.0
1/10/2013, 697.9, 1/10/2013, 13637.8
1/11/2013, 697.9, 1/11/2013, 13647.5
1/12/2013, 697.9, 1/12/2013, 13683.0
1/13/2013, 701.9, 1/13/2013, 13721.0
1/14/2013, 701.9, 1/14/2013, 13727.8
1/15/2013, 701.9, 1/15/2013, 13735.2
1/16/2013, 701.9, 1/16/2013, 13738.8
1/17/2013, 701.9, 1/17/2013, 13749.3
1/18/2013, 701.9, 1/18/2013, 13756.1
1/19/2013, 701.9, 1/19/2013, 13764.9
1/20/2013, 701.9, 1/20/2013, 13787.9
1/21/2013, 701.9, 1/21/2013, 13807.1
1/22/2013, 703.3, 1/22/2013, 13812.7
1/23/2013, 704.4, 1/23/2013, 13819.7
1/24/2013, 705.4, 1/24/2013, 13823.3
1/25/2013, 708.0, 1/25/2013, 13837.8
1/26/2013, 708.9, 1/26/2013, 13839.7
1/27/2013, 708.9, 1/27/2013, 13865.3
1/28/2013, 708.9, 1/28/2013, 13875.6
1/29/2013, 708.9, 1/29/2013, 13882.5
1/30/2013, 708.9, 1/30/2013, 13892.6
1/31/2013, 708.9, 1/31/2013, 13899.8
2/1/2013, 709.9, 2/1/2013, 13905.6
2/2/2013, 710.5, 2/2/2013, 13924.3
2/3/2013, 710.5, 2/3/2013, 13928.7
2/4/2013, 710.5, 2/4/2013, 13940.3
2/5/2013, 710.5, 2/5/2013, 13947.2
2/6/2013, 710.5, 2/6/2013, 13954.0
2/7/2013, 710.5, 2/7/2013, 13960.8
2/8/2013, 710.5, 2/8/2013, 13968.2
2/9/2013, 714.1, 2/9/2013, 13990.4
2/10/2013, 714.1, 2/10/2013, 14010.6
2/11/2013, 714.1, 2/11/2013, 14017.4
2/12/2013, 714.1, 2/12/2013, 14026.9
2/13/2013, 714.1, 2/13/2013, 14033.8
2/14/2013, 714.1, 2/14/2013, 14040.5
2/15/2013, 714.1, 2/15/2013, 14047.3
2/16/2013, 714.1, 2/16/2013, 14054.4
2/17/2013, 714.1, 2/17/2013, 14061.3
2/18/2013, 715.4, 2/18/2013, 14068.2
2/19/2013, 715.4, 2/19/2013, 14075.4
2/20/2013, 715.4, 2/20/2013, 14084.4
2/21/2013, 715.4, 2/21/2013, 14091.2
2/22/2013, 715.4, 2/22/2013, 14098.4
2/23/2013, 715.4, 2/23/2013, 14114.5
2/24/2013, 715.4, 2/24/2013, 14138.6
2/25/2013, 715.4, 2/25/2013, 14145.3
2/26/2013, 715.4, 2/26/2013, 14153.7
2/27/2013, 715.4, 2/27/2013, 14182.5
2/28/2013, 715.4, 2/28/2013, 14185.3
3/1/2013, 715.4, 3/1/2013, 14192.1
3/2/2013, 715.4, 3/2/2013, 14226.2
3/3/2013, 715.4, 3/3/2013, 14226.2
3/4/2013, 715.4, 3/4/2013, 14228.7
3/5/2013, 715.4, 3/5/2013, 14239.1
3/6/2013, 715.4, 3/6/2013, 14239.1
3/7/2013, 715.4, 3/7/2013, 14246.0
3/8/2013, 715.4, 3/8/2013, 14252.8
3/9/2013, 715.4, 3/9/2013, 14270.8
3/10/2013, 715.4, 3/10/2013, 14295.1
3/11/2013, 715.4, 3/11/2013, 14301.8
3/12/2013, 715.4, 3/12/2013, 14310.0
3/13/2013, 715.4, 3/13/2013, 14316.7
3/14/2013, 715.4, 3/14/2013, 14323.5
3/15/2013, 715.4, 3/15/2013, 14330.7
3/16/2013, 715.4, 3/16/2013, 14348.4
3/17/2013, 730.2, 3/17/2013, 14379.2
3/18/2013, 730.2, 3/18/2013, 14386.0
3/19/2013, 730.2, 3/19/2013, 14394.4
3/20/2013, 730.2, 3/20/2013, 14401.7
3/21/2013, 730.2, 3/21/2013, 14409.5
3/22/2013, 730.2, 3/22/2013, 14417.5
3/23/2013, 730.2, 3/23/2013, 14417.5
3/24/2013, 730.2, 3/24/2013, 14426.6
3/25/2013, 730.2, 3/25/2013, 14452.5
3/26/2013, 730.2, 3/26/2013, 14459.3
3/27/2013, 730.2, 3/27/2013, 14466.6
3/28/2013, 730.2, 3/28/2013, 14473.4
3/29/2013, 730.2, 3/29/2013, 14480.3
3/30/2013, 730.2, 3/30/2013, 14492.3
3/31/2013, 730.2, 3/31/2013, 14512.6
4/1/2013, 730.2, 4/1/2013, 14519.4
4/2/2013, 730.2, 4/2/2013, 14526.2
4/3/2013, 730.2, 4/3/2013, 14533.6
4/4/2013, 730.2, 4/4/2013, 14540.4
4/5/2013, 730.2, 4/5/2013, 14547.2
4/6/2013, 730.2, 4/6/2013, 14556.2
4/7/2013, 730.2, 4/7/2013, 14559.0
4/8/2013, 730.2, 4/8/2013, 14565.9
4/9/2013, 730.2, 4/9/2013, 14572.7
4/10/2013, 730.2, 4/10/2013, 14579.9
4/11/2013, 730.2, 4/11/2013, 14592.1
4/12/2013, 807.3, 4/12/2013, 14654.1
4/13/2013, 807.3, 4/13/2013, 14667.9
4/14/2013, 822.2, 4/14/2013, 14671.5
4/15/2013, 822.2, 4/15/2013, 14679.9
4/16/2013, 822.2, 4/16/2013, 14686.6
4/17/2013, 822.2, 4/17/2013, 14693.4
4/18/2013, 822.2, 4/18/2013, 14700.5
4/19/2013, 822.2, 4/19/2013, 14707.3
4/20/2013, 822.2, 4/20/2013, 14726.2
4/21/2013, 822.2, 4/21/2013, 14746.0
4/22/2013, 822.2, 4/22/2013, 14758.1
4/23/2013, 822.2, 4/23/2013, 14765.4
4/24/2013, 822.2, 4/24/2013, 14773.2
4/25/2013, 822.2, 4/25/2013, 14786.7
4/26/2013, 822.2, 4/26/2013, 14801.9
4/27/2013, 822.2, 4/27/2013, 14804.6
4/28/2013, 822.2, 4/28/2013, 14828.1
4/29/2013, 822.2, 4/29/2013, 14836.4
4/30/2013, 822.2, 4/30/2013, 14843.3
5/1/2013, 822.2, 5/1/2013, 14852.8
5/2/2013, 822.2, 5/2/2013, 14860.9
5/3/2013, 822.2, 5/3/2013, 14891.7
5/4/2013, 842.7, 5/4/2013, 14975.1
5/5/2013, 872.7, 5/5/2013, 15016.7
5/6/2013, 872.7, 5/6/2013, 15023.5
5/7/2013, 872.7, 5/7/2013, 15030.3
5/8/2013, 872.7, 5/8/2013, 15038.4
5/9/2013, 872.7, 5/9/2013, 15080.5
5/10/2013, 872.7, 5/10/2013, 15087.3
5/11/2013, 872.7, 5/11/2013, 15094.3
5/12/2013, 872.7, 5/12/2013, 15116.1
5/13/2013, 872.7, 5/13/2013, 15122.8
5/14/2013, 872.7, 5/14/2013, 15130.7
5/15/2013, 872.7, 5/15/2013, 15137.5
5/16/2013, 872.7, 5/16/2013, 15152.4
5/17/2013, 872.7, 5/17/2013, 15159.2
5/18/2013, 872.7, 5/18/2013, 15163.8
5/19/2013, 872.7, 5/19/2013, 15184.3
5/20/2013, 872.7, 5/20/2013, 15191.1
5/21/2013, 872.7, 5/21/2013, 15197.9
5/22/2013, 872.7, 5/22/2013, 15205.1
5/23/2013, 872.7, 5/23/2013, 15211.8
5/24/2013, 872.7, 5/24/2013, 15219.6
5/25/2013, 872.7, 5/25/2013, 15222.4
5/26/2013, 872.7, 5/26/2013, 15240.7
5/27/2013, 872.7, 5/27/2013, 15251.9
5/28/2013, 872.7, 5/28/2013, 15255.6
5/29/2013, 872.7, 5/29/2013, 15265.8
5/30/2013, 872.7, 5/30/2013, 15272.6
5/31/2013, 872.7, 5/31/2013, 15279.5
6/1/2013, 872.7, 6/1/2013, 15285.7
6/2/2013, 872.7, 6/2/2013, 15290.8
6/3/2013, 872.7, 6/3/2013, 15297.6
6/4/2013, 872.7, 6/4/2013, 15312.9
6/5/2013, 872.7, 6/5/2013, 15328.0
6/6/2013, 872.7, 6/6/2013, 15332.7
6/7/2013, 872.7, 6/7/2013, 15333.8
6/8/2013, 872.7, 6/8/2013, 15333.8
6/9/2013, 872.7, 6/9/2013, 15354.0
6/10/2013, 872.7, 6/10/2013, 15364.9
6/11/2013, 872.7, 6/11/2013, 15383.8
6/12/2013, 872.7, 6/12/2013, 15397.0
6/13/2013, 929.2, 6/13/2013, 15458.9
6/14/2013, 929.2, 6/14/2013, 15493.2
6/15/2013, 929.2, 6/15/2013, 15505.0
6/16/2013, 929.2, 6/16/2013, 15525.2
6/17/2013, 929.2, 6/17/2013, 15539.7
6/18/2013, 929.2, 6/18/2013, 15542.7
6/19/2013, 929.2, 6/19/2013, 15545.6
6/20/2013, 929.2, 6/20/2013, 15549.3
6/21/2013, 929.2, 6/21/2013, 15549.3
6/22/2013, 929.2, 6/22/2013, 15549.3
6/23/2013, 929.2, 6/23/2013, 15549.3
6/24/2013, 929.2, 6/24/2013, 15549.3
7/5/2013, 929.2, 7/5/2013, 15551.8
7/6/2013, 929.2, 7/6/2013, 15555.9
7/7/2013, 929.2, 7/7/2013, 15561.5
7/8/2013, 929.2, 7/8/2013, 15576.5
7/9/2013, 929.2, 7/9/2013, 15583.7
7/10/2013, 986.8, 7/10/2013, 15653.9
7/11/2013, 986.8, 7/11/2013, 15668.1
7/12/2013, 986.8, 7/12/2013, 15672.3
7/13/2013, 986.8, 7/13/2013, 15675.2
7/14/2013, 986.8, 7/14/2013, 15693.0
7/15/2013, 986.8, 7/15/2013, 15695.8
7/16/2013, 986.8, 7/16/2013, 15697.3
7/17/2013, 1044.1, 7/17/2013, 15759.5
7/18/2013, 1044.1, 7/18/2013, 15774.0
7/19/2013, 1044.1, 7/19/2013, 15786.1
7/20/2013, 1044.1, 7/20/2013, 15786.1
7/21/2013, 1044.1, 7/21/2013, 15805.8
7/22/2013, 1044.1, 7/22/2013, 15840.8
7/23/2013, 1044.1, 7/23/2013, 15874.9
7/24/2013, 1044.1, 7/24/2013, 15911.7
7/25/2013, 1044.1, 7/25/2013, 15911.7
7/26/2013, 1044.1, 7/26/2013, 15911.7
7/27/2013, 1044.1, 7/27/2013, 15911.7
7/29/2013, 1044.1, 7/29/2013, 15980.3
7/30/2013, 1044.1, 7/30/2013, 15984.9
7/31/2013, 1044.1, 7/31/2013, 15987.4
8/1/2013, 1044.1, 8/1/2013, 16001.9
8/2/2013, 1059.5, 8/2/2013, 16047.2
8/3/2013, 1134.6, 8/3/2013, 16085.3
8/4/2013, 1134.6, 8/4/2013, 16108.1
8/5/2013, 1134.6, 8/5/2013, 16113.7
8/6/2013, 1134.6, 8/6/2013, 16133.6
8/7/2013, 1197.5, 8/7/2013, 16198.7
8/8/2013, 1197.5, 8/8/2013, 16198.7
8/9/2013, 1197.5, 8/9/2013, 16214.9
8/10/2013, 1197.5, 8/10/2013, 16214.9
8/11/2013, 1197.5, 8/11/2013, 16235.5
8/12/2013, 1197.5, 8/12/2013, 16261.4
8/13/2013, 1197.5, 8/13/2013, 16268.9
8/14/2013, 1197.5, 8/14/2013, 16290.9
8/15/2013, 1197.5, 8/15/2013, 16320.5
8/16/2013, 1254.2, 8/16/2013, 16384.8
8/17/2013, 1254.2, 8/17/2013, 16397.2
8/18/2013, 1254.2, 8/18/2013, 16415.6
8/19/2013, 1254.2, 8/19/2013, 16416.9
8/20/2013, 1254.2, 8/20/2013, 16435.5
8/21/2013, 1268.4, 8/21/2013, 16495.3
8/22/2013, 1268.4, 8/22/2013, 16530.9
8/23/2013, 1268.4, 8/23/2013, 16561.0
8/24/2013, 1268.4, 8/24/2013, 16600.7
8/25/2013, 1268.4, 8/25/2013, 16618.9
8/26/2013, 1268.4, 8/26/2013, 16636.3
8/27/2013, 1273.1, 8/27/2013, 16676.7
8/28/2013, 1336.6, 8/28/2013, 16739.6
8/29/2013, 1336.6, 8/29/2013, 16742.4
8/30/2013, 1336.6, 8/30/2013, 16745.1
8/31/2013, 1336.6, 8/31/2013, 16747.9
9/1/2013, 1336.6, 9/1/2013, 16778.9
9/2/2013, 1336.6, 9/2/2013, 16781.7
9/3/2013, 1336.6, 9/3/2013, 16799.9
9/4/2013, 1336.6, 9/4/2013, 16805.6
9/5/2013, 1336.6, 9/5/2013, 16806.8
9/6/2013, 1336.6, 9/6/2013, 16843.0
9/7/2013, 1336.6, 9/7/2013, 16873.7
9/8/2013, 1336.6, 9/8/2013, 16898.1
9/9/2013, 1413.9, 9/9/2013, 16938.3
9/10/2013, 1413.9, 9/10/2013, 16942.5
9/12/2013, 1413.9, 9/12/2013, 16971.2
9/13/2013, 1413.9, 9/13/2013, 16982.3
9/14/2013, 1413.9, 9/14/2013, 16985.1
9/15/2013, 1413.9, 9/15/2013, 17003.2
9/16/2013, 1413.9, 9/16/2013, 17023.3
9/17/2013, 1413.9, 9/17/2013, 17050.0
9/18/2013, 1470.9, 9/18/2013, 17113.1
9/19/2013, 1470.9, 9/19/2013, 17115.8
9/20/2013, 1470.9, 9/20/2013, 17131.4
9/21/2013, 1470.9, 9/21/2013, 17134.1
9/22/2013, 1470.9, 9/22/2013, 17134.1
9/23/2013, 1470.9, 9/23/2013, 17138.5
9/24/2013, 1470.9, 9/24/2013, 17164.8
9/25/2013, 1532.8, 9/25/2013, 17221.4
9/26/2013, 1532.8, 9/26/2013, 17224.2
9/27/2013, 1532.8, 9/27/2013, 17228.6
9/28/2013, 1602.3, 9/28/2013, 17278.9
9/29/2013, 1602.3, 9/29/2013, 17307.2
9/30/2013, 1602.3, 9/30/2013, 17316.6
10/1/2013, 1602.3, 10/1/2013, 17339.8
10/2/2013, 1663.3, 10/2/2013, 17398.4
10/3/2013, 1663.3, 10/3/2013, 17436.7
10/4/2013, 1663.3, 10/4/2013, 17466.4
10/5/2013, 1663.3, 10/5/2013, 17472.0
10/6/2013, 1663.3, 10/6/2013, 17476.3
10/7/2013, 1663.3, 10/7/2013, 17485.1
10/8/2013, 1663.3, 10/8/2013, 17487.9
10/9/2013, 1721.7, 10/9/2013, 17549.1
10/10/2013, 1721.7, 10/10/2013, 17560.4
10/11/2013, 1754.1, 10/11/2013, 17592.5
10/12/2013, 1799.7, 10/12/2013, 17618.3
10/13/2013, 1799.7, 10/13/2013, 17645.6
10/14/2013, 1799.7, 10/14/2013, 17666.1
10/15/2013, 1799.7, 10/15/2013, 17669.6
10/16/2013, 1844.5, 10/16/2013, 17736.8
10/17/2013, 1844.5, 10/17/2013, 17739.6
10/18/2013, 1844.5, 10/18/2013, 17746.1
10/19/2013, 1844.5, 10/19/2013, 17748.9
10/20/2013, 1844.5, 10/20/2013, 17769.2
10/21/2013, 1844.5, 10/21/2013, 17780.3
10/22/2013, 1844.5, 10/22/2013, 17803.0
10/23/2013, 1844.5, 10/23/2013, 17824.3
10/24/2013, 1848.8, 10/24/2013, 17863.7
10/25/2013, 1848.8, 10/25/2013, 17866.5
10/26/2013, 1848.8, 10/26/2013, 17867.7
10/27/2013, 1848.8, 10/27/2013, 17878.4
10/28/2013, 1848.8, 10/28/2013, 17900.4
10/29/2013, 1848.8, 10/29/2013, 17915.6
10/30/2013, 1905.1, 10/30/2013, 17976.5
10/31/2013, 1905.1, 10/31/2013, 17979.2
11/1/2013, 1905.1, 11/1/2013, 17980.7
11/2/2013, 1917.0, 11/2/2013, 18027.5
11/3/2013, 1917.0, 11/3/2013, 18046.5
11/4/2013, 1917.0, 11/4/2013, 18065.4
11/5/2013, 1917.0, 11/5/2013, 18080.8
11/6/2013, 1974.8, 11/6/2013, 18142.7
11/7/2013, 1974.8, 11/7/2013, 18145.5
11/8/2013, 1974.8, 11/8/2013, 18160.9
11/9/2013, 1974.8, 11/9/2013, 18164.9
11/10/2013, 1974.8, 11/10/2013, 18191.8
11/11/2013, 1974.8, 11/11/2013, 18219.6
11/12/2013, 1974.8, 11/12/2013, 18255.9
11/13/2013, 1974.8, 11/13/2013, 18255.9
11/14/2013, 1974.8, 11/14/2013, 18255.9
11/15/2013, 1974.8, 11/15/2013, 18255.9
11/16/2013, 1974.8, 11/16/2013, 18255.9
11/21/2013, 2008.4, 11/21/2013, 18259.9
11/22/2013, 2008.4, 11/22/2013, 18276.9
11/23/2013, 2008.4, 11/23/2013, 18286.6
11/24/2013, 2010.6, 11/24/2013, 18311.0
11/25/2013, 2030.8, 11/25/2013, 18359.4
11/26/2013, 2063.6, 11/26/2013, 18385.7
11/27/2013, 2063.6, 11/27/2013, 18388.5
11/28/2013, 2063.6, 11/28/2013, 18388.5
11/29/2013, 2063.6, 11/29/2013, 18399.1
11/30/2013, 2063.6, 11/30/2013, 18401.9
12/1/2013, 2063.6, 12/1/2013, 18423.8
12/2/2013, 2063.6, 12/2/2013, 18426.6
12/3/2013, 2063.6, 12/3/2013, 18453.4
12/4/2013, 2116.4, 12/4/2013, 18513.6
12/5/2013, 2116.4, 12/5/2013, 18544.6
12/6/2013, 2116.4, 12/6/2013, 18561.1
12/7/2013, 2116.4, 12/7/2013, 18563.8
12/8/2013, 2116.4, 12/8/2013, 18566.6
12/9/2013, 2116.4, 12/9/2013, 18566.6
12/10/2013, 2116.4, 12/10/2013, 18566.6
12/11/2013, 2116.4, 12/11/2013, 18575.6
12/12/2013, 2117.4, 12/12/2013, 18600.4
12/13/2013, 2117.4, 12/13/2013, 18602.1
12/14/2013, 2117.4, 12/14/2013, 18607.5
12/15/2013, 2117.4, 12/15/2013, 18628.8
12/16/2013, 2117.4, 12/16/2013, 18631.6
12/17/2013, 2117.4, 12/17/2013, 18640.1
12/18/2013, 2124.7, 12/18/2013, 18668.0
12/19/2013, 2173.0, 12/19/2013, 18739.5
12/21/2013, 2173.0, 12/21/2013, 18753.6
12/22/2013, 2173.0, 12/22/2013, 18779.3
12/23/2013, 2173.0, 12/23/2013, 18779.3
12/25/2013, 2173.0, 12/25/2013, 18779.3
12/27/2013, 2173.0, 12/27/2013, 18779.3
1/2/2014, 2173.0, 1/2/2014, 18782.1
1/3/2014, 2173.0, 1/3/2014, 18782.1
1/4/2014, 2173.0, 1/4/2014, 18782.1
1/5/2014, 2173.0, 1/5/2014, 18782.1
1/6/2014, 2173.0, 1/6/2014, 18788.4
1/7/2014, 2176.6, 1/7/2014, 18801.5
1/8/2014, 2176.6, 1/8/2014, 18814.7
1/9/2014, 2252.6, 1/9/2014, 18860.8
1/10/2014, 2252.6, 1/10/2014, 18865.2
1/11/2014, 2252.6, 1/11/2014, 18870.3
1/12/2014, 2252.6, 1/12/2014, 18873.1
1/13/2014, 2252.6, 1/13/2014, 18875.8
1/14/2014, 2252.6, 1/14/2014, 18878.6
1/15/2014, 2313.5, 1/15/2014, 18936.9
1/16/2014, 2313.5, 1/16/2014, 18939.7
1/17/2014, 2313.5, 1/17/2014, 18951.3
1/18/2014, 2313.5, 1/18/2014, 18954.1
1/19/2014, 2313.5, 1/19/2014, 18973.8
1/20/2014, 2313.5, 1/20/2014, 18976.5
1/21/2014, 2313.5, 1/21/2014, 18987.8
1/22/2014, 2313.5, 1/22/2014, 18987.8
1/23/2014, 2313.5, 1/23/2014, 18987.8
1/24/2014, 2313.5, 1/24/2014, 18987.8
1/25/2014, 2313.5, 1/25/2014, 18990.5
1/26/2014, 2314.4, 1/26/2014, 19012.4
1/27/2014, 2314.4, 1/27/2014, 19025.2
1/28/2014, 2317.0, 1/28/2014, 19032.4
1/29/2014, 2398.7, 1/29/2014, 19068.2
1/30/2014, 2398.7, 1/30/2014, 19083.9
1/31/2014, 2398.7, 1/31/2014, 19092.1
2/1/2014, 2399.5, 2/1/2014, 19124.9
2/2/2014, 2399.5, 2/2/2014, 19124.9
2/3/2014, 2399.5, 2/3/2014, 19129.3
2/4/2014, 2399.5, 2/4/2014, 19142.1
2/5/2014, 2399.5, 2/5/2014, 19142.1
2/6/2014, 2468.1, 2/6/2014, 19191.2
2/7/2014, 2468.1, 2/7/2014, 19225.4
2/8/2014, 2468.1, 2/8/2014, 19234.5
2/9/2014, 2468.1, 2/9/2014, 19235.6
2/10/2014, 2468.1, 2/10/2014, 19266.5
2/11/2014, 2468.5, 2/11/2014, 19280.9
2/12/2014, 2544.8, 2/12/2014, 19322.1
2/13/2014, 2544.8, 2/13/2014, 19322.1
2/14/2014, 2544.8, 2/14/2014, 19322.1
2/15/2014, 2544.8, 2/15/2014, 19324.6
2/16/2014, 2544.8, 2/16/2014, 19328.9
2/17/2014, 2545.5, 2/17/2014, 19331.0
2/18/2014, 2545.5, 2/18/2014, 19358.8
2/19/2014, 2545.5, 2/19/2014, 19361.6
7/21/2014, 3233.2, 7/21/2014, 21444.8
7/22/2014, 3233.2, 7/22/2014, 21447.6
7/23/2014, 3233.2, 7/23/2014, 21473.5
7/24/2014, 3233.2, 7/24/2014, 21512.6
7/25/2014, 3233.2, 7/25/2014, 21512.6
7/26/2014, 3233.2, 7/26/2014, 21512.6
7/27/2014, 3233.2, 7/27/2014, 21512.6
7/28/2014, 3233.2, 7/28/2014, 21512.6
7/31/2014, 3258.0, 7/31/2014, 21538.7
8/1/2014, 3258.0, 8/1/2014, 21550.2
8/2/2014, 3258.0, 8/2/2014, 21550.2
8/3/2014, 3293.1, 8/3/2014, 21591.6
8/4/2014, 3293.1, 8/4/2014, 21604.3
8/5/2014, 3293.1, 8/5/2014, 21605.8
8/6/2014, 3341.3, 8/6/2014, 21670.0
8/7/2014, 3341.3, 8/7/2014, 21671.3
8/8/2014, 3341.3, 8/8/2014, 21685.9
8/9/2014, 3341.3, 8/9/2014, 21688.7
8/10/2014, 3341.3, 8/10/2014, 21708.5
8/11/2014, 3341.3, 8/11/2014, 21716.1
8/12/2014, 3341.3, 8/12/2014, 21733.5
8/13/2014, 3393.3, 8/13/2014, 21793.7
8/14/2014, 3393.3, 8/14/2014, 21802.6
8/15/2014, 3393.3, 8/15/2014, 21805.4
8/16/2014, 3393.3, 8/16/2014, 21808.2
8/17/2014, 3393.3, 8/17/2014, 21837.1
8/18/2014, 3393.3, 8/18/2014, 21857.0
8/19/2014, 3393.3, 8/19/2014, 21876.9
8/20/2014, 3393.3, 8/20/2014, 21900.3
8/21/2014, 3393.3, 8/21/2014, 21903.0
8/22/2014, 3393.3, 8/22/2014, 21905.9
8/23/2014, 3393.3, 8/23/2014, 21908.7
8/24/2014, 3393.3, 8/24/2014, 21914.5
8/25/2014, 3393.3, 8/25/2014, 21918.9
8/26/2014, 3393.3, 8/26/2014, 21921.7
8/27/2014, 3393.3, 8/27/2014, 21924.8
8/28/2014, 3393.3, 8/28/2014, 21935.6
8/29/2014, 3393.3, 8/29/2014, 21935.6
8/30/2014, 3393.3, 8/30/2014, 21944.5
8/31/2014, 3393.3, 8/31/2014, 21962.6
9/1/2014, 3393.3, 9/1/2014, 21965.4
9/2/2014, 3393.3, 9/2/2014, 21974.2
9/3/2014, 3393.3, 9/3/2014, 21980.0
9/4/2014, 3396.0, 9/4/2014, 22025.8
9/5/2014, 3396.0, 9/5/2014, 22030.3
9/6/2014, 3396.0, 9/6/2014, 22052.2
9/7/2014, 3396.0, 9/7/2014, 22072.7
9/8/2014, 3396.0, 9/8/2014, 22075.5
9/9/2014, 3396.0, 9/9/2014, 22097.6
9/10/2014, 3396.0, 9/10/2014, 22101.5
9/11/2014, 3396.0, 9/11/2014, 22115.0
9/12/2014, 3396.0, 9/12/2014, 22117.7
9/13/2014, 3396.0, 9/13/2014, 22120.5
9/14/2014, 3396.0, 9/14/2014, 22141.4
9/15/2014, 3396.0, 9/15/2014, 22151.6
9/16/2014, 3396.0, 9/16/2014, 22154.4
9/17/2014, 3396.0, 9/17/2014, 22160.6
9/18/2014, 3396.0, 9/18/2014, 22170.3
9/19/2014, 3396.0, 9/19/2014, 22173.1
9/20/2014, 3396.0, 9/20/2014, 22183.4
9/21/2014, 3396.0, 9/21/2014, 22205.0
9/22/2014, 3396.0, 9/22/2014, 22212.0
9/23/2014, 3396.0, 9/23/2014, 22214.8
9/24/2014, 3396.0, 9/24/2014, 22217.5
9/25/2014, 3396.0, 9/25/2014, 22220.4
9/26/2014, 3396.0, 9/26/2014, 22221.3
9/27/2014, 3450.2, 9/27/2014, 22285.5
9/28/2014, 3450.2, 9/28/2014, 22316.3
9/29/2014, 3450.2, 9/29/2014, 22327.5
9/30/2014, 3450.2, 9/30/2014, 22357.4
10/1/2014, 3499.9, 10/1/2014, 22421.2
10/2/2014, 3499.9, 10/2/2014, 22449.7
10/3/2014, 3499.9, 10/3/2014, 22489.0
10/4/2014, 3499.9, 10/4/2014, 22493.1
10/5/2014, 3499.9, 10/5/2014, 22495.9
10/6/2014, 3499.9, 10/6/2014, 22524.1
10/7/2014, 3499.9, 10/7/2014, 22552.0
10/8/2014, 3554.3, 10/8/2014, 22611.1
10/9/2014, 3577.4, 10/9/2014, 22654.6
10/10/2014, 3577.4, 10/10/2014, 22669.6
10/11/2014, 3577.4, 10/11/2014, 22672.3
10/12/2014, 3577.4, 10/12/2014, 22675.1
10/13/2014, 3577.4, 10/13/2014, 22680.6
10/14/2014, 3577.4, 10/14/2014, 22687.6
10/15/2014, 3577.4, 10/15/2014, 22691.2
10/16/2014, 3577.4, 10/16/2014, 22695.5
10/17/2014, 3577.4, 10/17/2014, 22704.0
10/18/2014, 3577.4, 10/18/2014, 22710.7
10/19/2014, 3577.4, 10/19/2014, 22713.5
11/2/2014, 3697.5, 11/2/2014, 22973.4
11/3/2014, 3697.5, 11/3/2014, 22976.1
11/4/2014, 3697.5, 11/4/2014, 22981.8
11/5/2014, 3758.7, 11/5/2014, 23035.4
11/6/2014, 3758.7, 11/6/2014, 23049.7
11/7/2014, 3758.7, 11/7/2014, 23052.5
11/8/2014, 3758.7, 11/8/2014, 23056.4
11/9/2014, 3758.7, 11/9/2014, 23079.9
11/10/2014, 3758.7, 11/10/2014, 23082.7
11/11/2014, 3758.7, 11/11/2014, 23097.2
11/12/2014, 3819.8, 11/12/2014, 23151.1
11/13/2014, 3819.8, 11/13/2014, 23153.9
11/14/2014, 3819.8, 11/14/2014, 23164.6
11/15/2014, 3819.8, 11/15/2014, 23178.8
11/16/2014, 3819.8, 11/16/2014, 23180.5
11/17/2014, 3819.8, 11/17/2014, 23182.0
11/18/2014, 3819.8, 11/18/2014, 23184.8
11/19/2014, 3819.8, 11/19/2014, 23184.8
11/20/2014, 3819.8, 11/20/2014, 23186.0
11/21/2014, 3819.8, 11/21/2014, 23190.4
11/22/2014, 3819.8, 11/22/2014, 23199.0
11/23/2014, 3819.8, 11/23/2014, 23222.3
11/24/2014, 3819.8, 11/24/2014, 23225.0
11/25/2014, 3819.8, 11/25/2014, 23242.8
11/26/2014, 3819.8, 11/26/2014, 23242.8
11/27/2014, 3819.8, 11/27/2014, 23242.8
11/28/2014, 3819.8, 11/28/2014, 23242.8
11/29/2014, 3819.8, 11/29/2014, 23242.8
11/30/2014, 3819.8, 11/30/2014, 23245.6
12/1/2014, 3819.8, 12/1/2014, 23249.9
12/2/2014, 3819.8, 12/2/2014, 23259.3
12/3/2014, 3884.9, 12/3/2014, 23309.4